Started as:
  /opt/couchbase/bin/vbmap --diag /opt/couchbase/var/lib/couchbase/tmp/vbmap_diag-576460752303423199_144 --output-format json --num-vbuckets 1024 --num-nodes 1 --num-slaves 10 --num-replicas 1 --relax-all --greedy --current-map /opt/couchbase/var/lib/couchbase/tmp/prev-vbmap-576460752303423167_144.json
Using 1743152014822424349 as a seed
Tags are not specified. Assuming every node on a separate tag.
Finalized parameters
  Number of nodes: 1
  Number of slaves: 0
  Number of vbuckets: 1024
  Number of replicas: 0
  Tags assignments:
    0 -> 0
Succesfully read current vbucket map:
[
  [-1 -1],
  [-1 -1],
  [-1 -1],
  [-1 -1],
  [-1 -1],
  [-1 -1],
  [-1 -1],
  [-1 -1],
  [-1 -1],
  [-1 -1],
  [-1 -1],
  [-1 -1],
  [-1 -1],
  [-1 -1],
  [-1 -1],
  [-1 -1],
  [-1 -1],
  [-1 -1],
  [-1 -1],
  [-1 -1],
  [-1 -1],
  [-1 -1],
  [-1 -1],
  [-1 -1],
  [-1 -1],
  [-1 -1],
  [-1 -1],
  [-1 -1],
  [-1 -1],
  [-1 -1],
  [-1 -1],
  [-1 -1],
  [-1 -1],
  [-1 -1],
  [-1 -1],
  [-1 -1],
  [-1 -1],
  [-1 -1],
  [-1 -1],
  [-1 -1],
  [-1 -1],
  [-1 -1],
  [-1 -1],
  [-1 -1],
  [-1 -1],
  [-1 -1],
  [-1 -1],
  [-1 -1],
  [-1 -1],
  [-1 -1],
  [-1 -1],
  [-1 -1],
  [-1 -1],
  [-1 -1],
  [-1 -1],
  [-1 -1],
  [-1 -1],
  [-1 -1],
  [-1 -1],
  [-1 -1],
  [-1 -1],
  [-1 -1],
  [-1 -1],
  [-1 -1],
  [-1 -1],
  [-1 -1],
  [-1 -1],
  [-1 -1],
  [-1 -1],
  [-1 -1],
  [-1 -1],
  [-1 -1],
  [-1 -1],
  [-1 -1],
  [-1 -1],
  [-1 -1],
  [-1 -1],
  [-1 -1],
  [-1 -1],
  [-1 -1],
  [-1 -1],
  [-1 -1],
  [-1 -1],
  [-1 -1],
  [-1 -1],
  [-1 -1],
  [-1 -1],
  [-1 -1],
  [-1 -1],
  [-1 -1],
  [-1 -1],
  [-1 -1],
  [-1 -1],
  [-1 -1],
  [-1 -1],
  [-1 -1],
  [-1 -1],
  [-1 -1],
  [-1 -1],
  [-1 -1],
  [-1 -1],
  [-1 -1],
  [-1 -1],
  [-1 -1],
  [-1 -1],
  [-1 -1],
  [-1 -1],
  [-1 -1],
  [-1 -1],
  [-1 -1],
  [-1 -1],
  [-1 -1],
  [-1 -1],
  [-1 -1],
  [-1 -1],
  [-1 -1],
  [-1 -1],
  [-1 -1],
  [-1 -1],
  [-1 -1],
  [-1 -1],
  [-1 -1],
  [-1 -1],
  [-1 -1],
  [-1 -1],
  [-1 -1],
  [-1 -1],
  [-1 -1],
  [-1 -1],
  [-1 -1],
  [-1 -1],
  [-1 -1],
  [-1 -1],
  [-1 -1],
  [-1 -1],
  [-1 -1],
  [-1 -1],
  [-1 -1],
  [-1 -1],
  [-1 -1],
  [-1 -1],
  [-1 -1],
  [-1 -1],
  [-1 -1],
  [-1 -1],
  [-1 -1],
  [-1 -1],
  [-1 -1],
  [-1 -1],
  [-1 -1],
  [-1 -1],
  [-1 -1],
  [-1 -1],
  [-1 -1],
  [-1 -1],
  [-1 -1],
  [-1 -1],
  [-1 -1],
  [-1 -1],
  [-1 -1],
  [-1 -1],
  [-1 -1],
  [-1 -1],
  [-1 -1],
  [-1 -1],
  [-1 -1],
  [-1 -1],
  [-1 -1],
  [-1 -1],
  [-1 -1],
  [-1 -1],
  [-1 -1],
  [-1 -1],
  [-1 -1],
  [-1 -1],
  [-1 -1],
  [-1 -1],
  [-1 -1],
  [-1 -1],
  [-1 -1],
  [-1 -1],
  [-1 -1],
  [-1 -1],
  [-1 -1],
  [-1 -1],
  [-1 -1],
  [-1 -1],
  [-1 -1],
  [-1 -1],
  [-1 -1],
  [-1 -1],
  [-1 -1],
  [-1 -1],
  [-1 -1],
  [-1 -1],
  [-1 -1],
  [-1 -1],
  [-1 -1],
  [-1 -1],
  [-1 -1],
  [-1 -1],
  [-1 -1],
  [-1 -1],
  [-1 -1],
  [-1 -1],
  [-1 -1],
  [-1 -1],
  [-1 -1],
  [-1 -1],
  [-1 -1],
  [-1 -1],
  [-1 -1],
  [-1 -1],
  [-1 -1],
  [-1 -1],
  [-1 -1],
  [-1 -1],
  [-1 -1],
  [-1 -1],
  [-1 -1],
  [-1 -1],
  [-1 -1],
  [-1 -1],
  [-1 -1],
  [-1 -1],
  [-1 -1],
  [-1 -1],
  [-1 -1],
  [-1 -1],
  [-1 -1],
  [-1 -1],
  [-1 -1],
  [-1 -1],
  [-1 -1],
  [-1 -1],
  [-1 -1],
  [-1 -1],
  [-1 -1],
  [-1 -1],
  [-1 -1],
  [-1 -1],
  [-1 -1],
  [-1 -1],
  [-1 -1],
  [-1 -1],
  [-1 -1],
  [-1 -1],
  [-1 -1],
  [-1 -1],
  [-1 -1],
  [-1 -1],
  [-1 -1],
  [-1 -1],
  [-1 -1],
  [-1 -1],
  [-1 -1],
  [-1 -1],
  [-1 -1],
  [-1 -1],
  [-1 -1],
  [-1 -1],
  [-1 -1],
  [-1 -1],
  [-1 -1],
  [-1 -1],
  [-1 -1],
  [-1 -1],
  [-1 -1],
  [-1 -1],
  [-1 -1],
  [-1 -1],
  [-1 -1],
  [-1 -1],
  [-1 -1],
  [-1 -1],
  [-1 -1],
  [-1 -1],
  [-1 -1],
  [-1 -1],
  [-1 -1],
  [-1 -1],
  [-1 -1],
  [-1 -1],
  [-1 -1],
  [-1 -1],
  [-1 -1],
  [-1 -1],
  [-1 -1],
  [-1 -1],
  [-1 -1],
  [-1 -1],
  [-1 -1],
  [-1 -1],
  [-1 -1],
  [-1 -1],
  [-1 -1],
  [-1 -1],
  [-1 -1],
  [-1 -1],
  [-1 -1],
  [-1 -1],
  [-1 -1],
  [-1 -1],
  [-1 -1],
  [-1 -1],
  [-1 -1],
  [-1 -1],
  [-1 -1],
  [-1 -1],
  [-1 -1],
  [-1 -1],
  [-1 -1],
  [-1 -1],
  [-1 -1],
  [-1 -1],
  [-1 -1],
  [-1 -1],
  [-1 -1],
  [-1 -1],
  [-1 -1],
  [-1 -1],
  [-1 -1],
  [-1 -1],
  [-1 -1],
  [-1 -1],
  [-1 -1],
  [-1 -1],
  [-1 -1],
  [-1 -1],
  [-1 -1],
  [-1 -1],
  [-1 -1],
  [-1 -1],
  [-1 -1],
  [-1 -1],
  [-1 -1],
  [-1 -1],
  [-1 -1],
  [-1 -1],
  [-1 -1],
  [-1 -1],
  [-1 -1],
  [-1 -1],
  [-1 -1],
  [-1 -1],
  [-1 -1],
  [-1 -1],
  [-1 -1],
  [-1 -1],
  [-1 -1],
  [-1 -1],
  [-1 -1],
  [-1 -1],
  [-1 -1],
  [-1 -1],
  [-1 -1],
  [-1 -1],
  [-1 -1],
  [-1 -1],
  [-1 -1],
  [-1 -1],
  [-1 -1],
  [-1 -1],
  [-1 -1],
  [-1 -1],
  [-1 -1],
  [-1 -1],
  [-1 -1],
  [-1 -1],
  [-1 -1],
  [-1 -1],
  [-1 -1],
  [-1 -1],
  [-1 -1],
  [-1 -1],
  [-1 -1],
  [-1 -1],
  [-1 -1],
  [-1 -1],
  [-1 -1],
  [-1 -1],
  [-1 -1],
  [-1 -1],
  [-1 -1],
  [-1 -1],
  [-1 -1],
  [-1 -1],
  [-1 -1],
  [-1 -1],
  [-1 -1],
  [-1 -1],
  [-1 -1],
  [-1 -1],
  [-1 -1],
  [-1 -1],
  [-1 -1],
  [-1 -1],
  [-1 -1],
  [-1 -1],
  [-1 -1],
  [-1 -1],
  [-1 -1],
  [-1 -1],
  [-1 -1],
  [-1 -1],
  [-1 -1],
  [-1 -1],
  [-1 -1],
  [-1 -1],
  [-1 -1],
  [-1 -1],
  [-1 -1],
  [-1 -1],
  [-1 -1],
  [-1 -1],
  [-1 -1],
  [-1 -1],
  [-1 -1],
  [-1 -1],
  [-1 -1],
  [-1 -1],
  [-1 -1],
  [-1 -1],
  [-1 -1],
  [-1 -1],
  [-1 -1],
  [-1 -1],
  [-1 -1],
  [-1 -1],
  [-1 -1],
  [-1 -1],
  [-1 -1],
  [-1 -1],
  [-1 -1],
  [-1 -1],
  [-1 -1],
  [-1 -1],
  [-1 -1],
  [-1 -1],
  [-1 -1],
  [-1 -1],
  [-1 -1],
  [-1 -1],
  [-1 -1],
  [-1 -1],
  [-1 -1],
  [-1 -1],
  [-1 -1],
  [-1 -1],
  [-1 -1],
  [-1 -1],
  [-1 -1],
  [-1 -1],
  [-1 -1],
  [-1 -1],
  [-1 -1],
  [-1 -1],
  [-1 -1],
  [-1 -1],
  [-1 -1],
  [-1 -1],
  [-1 -1],
  [-1 -1],
  [-1 -1],
  [-1 -1],
  [-1 -1],
  [-1 -1],
  [-1 -1],
  [-1 -1],
  [-1 -1],
  [-1 -1],
  [-1 -1],
  [-1 -1],
  [-1 -1],
  [-1 -1],
  [-1 -1],
  [-1 -1],
  [-1 -1],
  [-1 -1],
  [-1 -1],
  [-1 -1],
  [-1 -1],
  [-1 -1],
  [-1 -1],
  [-1 -1],
  [-1 -1],
  [-1 -1],
  [-1 -1],
  [-1 -1],
  [-1 -1],
  [-1 -1],
  [-1 -1],
  [-1 -1],
  [-1 -1],
  [-1 -1],
  [-1 -1],
  [-1 -1],
  [-1 -1],
  [-1 -1],
  [-1 -1],
  [-1 -1],
  [-1 -1],
  [-1 -1],
  [-1 -1],
  [-1 -1],
  [-1 -1],
  [-1 -1],
  [-1 -1],
  [-1 -1],
  [-1 -1],
  [-1 -1],
  [-1 -1],
  [-1 -1],
  [-1 -1],
  [-1 -1],
  [-1 -1],
  [-1 -1],
  [-1 -1],
  [-1 -1],
  [-1 -1],
  [-1 -1],
  [-1 -1],
  [-1 -1],
  [-1 -1],
  [-1 -1],
  [-1 -1],
  [-1 -1],
  [-1 -1],
  [-1 -1],
  [-1 -1],
  [-1 -1],
  [-1 -1],
  [-1 -1],
  [-1 -1],
  [-1 -1],
  [-1 -1],
  [-1 -1],
  [-1 -1],
  [-1 -1],
  [-1 -1],
  [-1 -1],
  [-1 -1],
  [-1 -1],
  [-1 -1],
  [-1 -1],
  [-1 -1],
  [-1 -1],
  [-1 -1],
  [-1 -1],
  [-1 -1],
  [-1 -1],
  [-1 -1],
  [-1 -1],
  [-1 -1],
  [-1 -1],
  [-1 -1],
  [-1 -1],
  [-1 -1],
  [-1 -1],
  [-1 -1],
  [-1 -1],
  [-1 -1],
  [-1 -1],
  [-1 -1],
  [-1 -1],
  [-1 -1],
  [-1 -1],
  [-1 -1],
  [-1 -1],
  [-1 -1],
  [-1 -1],
  [-1 -1],
  [-1 -1],
  [-1 -1],
  [-1 -1],
  [-1 -1],
  [-1 -1],
  [-1 -1],
  [-1 -1],
  [-1 -1],
  [-1 -1],
  [-1 -1],
  [-1 -1],
  [-1 -1],
  [-1 -1],
  [-1 -1],
  [-1 -1],
  [-1 -1],
  [-1 -1],
  [-1 -1],
  [-1 -1],
  [-1 -1],
  [-1 -1],
  [-1 -1],
  [-1 -1],
  [-1 -1],
  [-1 -1],
  [-1 -1],
  [-1 -1],
  [-1 -1],
  [-1 -1],
  [-1 -1],
  [-1 -1],
  [-1 -1],
  [-1 -1],
  [-1 -1],
  [-1 -1],
  [-1 -1],
  [-1 -1],
  [-1 -1],
  [-1 -1],
  [-1 -1],
  [-1 -1],
  [-1 -1],
  [-1 -1],
  [-1 -1],
  [-1 -1],
  [-1 -1],
  [-1 -1],
  [-1 -1],
  [-1 -1],
  [-1 -1],
  [-1 -1],
  [-1 -1],
  [-1 -1],
  [-1 -1],
  [-1 -1],
  [-1 -1],
  [-1 -1],
  [-1 -1],
  [-1 -1],
  [-1 -1],
  [-1 -1],
  [-1 -1],
  [-1 -1],
  [-1 -1],
  [-1 -1],
  [-1 -1],
  [-1 -1],
  [-1 -1],
  [-1 -1],
  [-1 -1],
  [-1 -1],
  [-1 -1],
  [-1 -1],
  [-1 -1],
  [-1 -1],
  [-1 -1],
  [-1 -1],
  [-1 -1],
  [-1 -1],
  [-1 -1],
  [-1 -1],
  [-1 -1],
  [-1 -1],
  [-1 -1],
  [-1 -1],
  [-1 -1],
  [-1 -1],
  [-1 -1],
  [-1 -1],
  [-1 -1],
  [-1 -1],
  [-1 -1],
  [-1 -1],
  [-1 -1],
  [-1 -1],
  [-1 -1],
  [-1 -1],
  [-1 -1],
  [-1 -1],
  [-1 -1],
  [-1 -1],
  [-1 -1],
  [-1 -1],
  [-1 -1],
  [-1 -1],
  [-1 -1],
  [-1 -1],
  [-1 -1],
  [-1 -1],
  [-1 -1],
  [-1 -1],
  [-1 -1],
  [-1 -1],
  [-1 -1],
  [-1 -1],
  [-1 -1],
  [-1 -1],
  [-1 -1],
  [-1 -1],
  [-1 -1],
  [-1 -1],
  [-1 -1],
  [-1 -1],
  [-1 -1],
  [-1 -1],
  [-1 -1],
  [-1 -1],
  [-1 -1],
  [-1 -1],
  [-1 -1],
  [-1 -1],
  [-1 -1],
  [-1 -1],
  [-1 -1],
  [-1 -1],
  [-1 -1],
  [-1 -1],
  [-1 -1],
  [-1 -1],
  [-1 -1],
  [-1 -1],
  [-1 -1],
  [-1 -1],
  [-1 -1],
  [-1 -1],
  [-1 -1],
  [-1 -1],
  [-1 -1],
  [-1 -1],
  [-1 -1],
  [-1 -1],
  [-1 -1],
  [-1 -1],
  [-1 -1],
  [-1 -1],
  [-1 -1],
  [-1 -1],
  [-1 -1],
  [-1 -1],
  [-1 -1],
  [-1 -1],
  [-1 -1],
  [-1 -1],
  [-1 -1],
  [-1 -1],
  [-1 -1],
  [-1 -1],
  [-1 -1],
  [-1 -1],
  [-1 -1],
  [-1 -1],
  [-1 -1],
  [-1 -1],
  [-1 -1],
  [-1 -1],
  [-1 -1],
  [-1 -1],
  [-1 -1],
  [-1 -1],
  [-1 -1],
  [-1 -1],
  [-1 -1],
  [-1 -1],
  [-1 -1],
  [-1 -1],
  [-1 -1],
  [-1 -1],
  [-1 -1],
  [-1 -1],
  [-1 -1],
  [-1 -1],
  [-1 -1],
  [-1 -1],
  [-1 -1],
  [-1 -1],
  [-1 -1],
  [-1 -1],
  [-1 -1],
  [-1 -1],
  [-1 -1],
  [-1 -1],
  [-1 -1],
  [-1 -1],
  [-1 -1],
  [-1 -1],
  [-1 -1],
  [-1 -1],
  [-1 -1],
  [-1 -1],
  [-1 -1],
  [-1 -1],
  [-1 -1],
  [-1 -1],
  [-1 -1],
  [-1 -1],
  [-1 -1],
  [-1 -1],
  [-1 -1],
  [-1 -1],
  [-1 -1],
  [-1 -1],
  [-1 -1],
  [-1 -1],
  [-1 -1],
  [-1 -1],
  [-1 -1],
  [-1 -1],
  [-1 -1],
  [-1 -1],
  [-1 -1],
  [-1 -1],
  [-1 -1],
  [-1 -1],
  [-1 -1],
  [-1 -1],
  [-1 -1],
  [-1 -1],
  [-1 -1],
  [-1 -1],
  [-1 -1],
  [-1 -1],
  [-1 -1],
  [-1 -1],
  [-1 -1],
  [-1 -1],
  [-1 -1],
  [-1 -1],
  [-1 -1],
  [-1 -1],
  [-1 -1],
  [-1 -1],
  [-1 -1],
  [-1 -1],
  [-1 -1],
  [-1 -1],
  [-1 -1],
  [-1 -1],
  [-1 -1],
  [-1 -1],
  [-1 -1],
  [-1 -1],
  [-1 -1],
  [-1 -1],
  [-1 -1],
  [-1 -1],
  [-1 -1],
  [-1 -1],
  [-1 -1],
  [-1 -1],
  [-1 -1],
  [-1 -1],
  [-1 -1],
  [-1 -1],
  [-1 -1],
  [-1 -1],
  [-1 -1],
  [-1 -1],
  [-1 -1],
  [-1 -1],
  [-1 -1],
  [-1 -1],
  [-1 -1],
  [-1 -1],
  [-1 -1],
  [-1 -1],
  [-1 -1],
  [-1 -1],
  [-1 -1],
  [-1 -1],
  [-1 -1],
  [-1 -1],
  [-1 -1],
  [-1 -1],
  [-1 -1],
  [-1 -1],
  [-1 -1],
  [-1 -1],
  [-1 -1],
  [-1 -1],
  [-1 -1],
  [-1 -1],
  [-1 -1],
  [-1 -1],
  [-1 -1],
  [-1 -1],
  [-1 -1],
  [-1 -1],
  [-1 -1],
  [-1 -1],
  [-1 -1],
  [-1 -1],
  [-1 -1],
  [-1 -1],
  [-1 -1],
  [-1 -1],
  [-1 -1],
  [-1 -1],
  [-1 -1],
  [-1 -1],
  [-1 -1],
  [-1 -1],
  [-1 -1],
  [-1 -1],
  [-1 -1],
  [-1 -1],
  [-1 -1],
  [-1 -1],
  [-1 -1],
  [-1 -1],
  [-1 -1],
  [-1 -1],
  [-1 -1],
  [-1 -1],
  [-1 -1],
  [-1 -1],
  [-1 -1],
  [-1 -1],
  [-1 -1],
  [-1 -1],
  [-1 -1],
  [-1 -1],
  [-1 -1],
  [-1 -1],
  [-1 -1],
  [-1 -1],
  [-1 -1],
  [-1 -1],
  [-1 -1],
  [-1 -1],
  [-1 -1],
  [-1 -1],
  [-1 -1],
  [-1 -1],
  [-1 -1],
  [-1 -1],
  [-1 -1],
  [-1 -1],
  [-1 -1],
  [-1 -1],
  [-1 -1],
  [-1 -1],
  [-1 -1],
  [-1 -1],
  [-1 -1],
  [-1 -1],
  [-1 -1],
  [-1 -1],
  [-1 -1],
  [-1 -1],
  [-1 -1],
  [-1 -1],
  [-1 -1],
  [-1 -1],
  [-1 -1],
  [-1 -1],
  [-1 -1],
  [-1 -1],
  [-1 -1],
  [-1 -1],
  [-1 -1],
  [-1 -1],
  [-1 -1],
  [-1 -1],
  [-1 -1],
  [-1 -1],
  [-1 -1],
  [-1 -1],
  [-1 -1],
  [-1 -1],
  [-1 -1],
  [-1 -1],
  [-1 -1],
  [-1 -1],
  [-1 -1],
  [-1 -1],
  [-1 -1],
  [-1 -1],
  [-1 -1],
  [-1 -1],
  [-1 -1],
  [-1 -1],
  [-1 -1],
  [-1 -1],
  [-1 -1],
  [-1 -1],
  [-1 -1],
  [-1 -1],
  [-1 -1],
  [-1 -1],
  [-1 -1],
  [-1 -1],
  [-1 -1],
  [-1 -1],
  [-1 -1],
  [-1 -1],
  [-1 -1],
  [-1 -1],
  [-1 -1],
  [-1 -1],
  [-1 -1],
  [-1 -1],
  [-1 -1],
  [-1 -1],
  [-1 -1],
  [-1 -1],
  [-1 -1],
  [-1 -1],
  [-1 -1],
  [-1 -1],
  [-1 -1],
  [-1 -1],
  [-1 -1],
  [-1 -1],
  [-1 -1],
  [-1 -1],
  [-1 -1],
  [-1 -1],
  [-1 -1],
  [-1 -1],
  [-1 -1],
  [-1 -1],
  [-1 -1],
  [-1 -1],
  [-1 -1],
  [-1 -1],
  [-1 -1],
  [-1 -1],
  [-1 -1],
  [-1 -1],
  [-1 -1],
  [-1 -1],
  [-1 -1]
]
Prev R:
RI (greedy):
  N |    |  0 |
----|---------|
    |  T |  0 |
----|---------|
  0 |  0 |  0 | 0
____|_________|
    |    |  0 |
R (greedy):
  N |    |  0 |
----|---------|
    |  T |  0 |
----|---------|
  0 |  0 |  0 | 0
____|_________|
    |    |  0 |
Time spent for vbmap generation (greedy) - 778.56µs
Per-node Vb Stats (greedy):
   Active Vbs:   map[0:1024]
   Replica Vbs:  map[0:0]
Move stats:
    Active takeovers - 1024
    Total new replicas - 1024
