Started as:
  /opt/couchbase/bin/vbmap --diag /opt/couchbase/var/lib/couchbase/tmp/vbmap_diag-576460752303422591_143 --output-format json --num-vbuckets 1024 --num-nodes 1 --num-slaves 10 --num-replicas 1 --relax-all --greedy --current-map /opt/couchbase/var/lib/couchbase/tmp/prev-vbmap-576460752303422559_143.json
Using 1743151725500550222 as a seed
Tags are not specified. Assuming every node on a separate tag.
Finalized parameters
  Number of nodes: 1
  Number of slaves: 0
  Number of vbuckets: 1024
  Number of replicas: 0
  Tags assignments:
    0 -> 0
Succesfully read current vbucket map:
[
  [-1 -1],
  [-1 -1],
  [-1 -1],
  [-1 -1],
  [-1 -1],
  [-1 -1],
  [-1 -1],
  [-1 -1],
  [-1 -1],
  [-1 -1],
  [-1 -1],
  [-1 -1],
  [-1 -1],
  [-1 -1],
  [-1 -1],
  [-1 -1],
  [-1 -1],
  [-1 -1],
  [-1 -1],
  [-1 -1],
  [-1 -1],
  [-1 -1],
  [-1 -1],
  [-1 -1],
  [-1 -1],
  [-1 -1],
  [-1 -1],
  [-1 -1],
  [-1 -1],
  [-1 -1],
  [-1 -1],
  [-1 -1],
  [-1 -1],
  [-1 -1],
  [-1 -1],
  [-1 -1],
  [-1 -1],
  [-1 -1],
  [-1 -1],
  [-1 -1],
  [-1 -1],
  [-1 -1],
  [-1 -1],
  [-1 -1],
  [-1 -1],
  [-1 -1],
  [-1 -1],
  [-1 -1],
  [-1 -1],
  [-1 -1],
  [-1 -1],
  [-1 -1],
  [-1 -1],
  [-1 -1],
  [-1 -1],
  [-1 -1],
  [-1 -1],
  [-1 -1],
  [-1 -1],
  [-1 -1],
  [-1 -1],
  [-1 -1],
  [-1 -1],
  [-1 -1],
  [-1 -1],
  [-1 -1],
  [-1 -1],
  [-1 -1],
  [-1 -1],
  [-1 -1],
  [-1 -1],
  [-1 -1],
  [-1 -1],
  [-1 -1],
  [-1 -1],
  [-1 -1],
  [-1 -1],
  [-1 -1],
  [-1 -1],
  [-1 -1],
  [-1 -1],
  [-1 -1],
  [-1 -1],
  [-1 -1],
  [-1 -1],
  [-1 -1],
  [-1 -1],
  [-1 -1],
  [-1 -1],
  [-1 -1],
  [-1 -1],
  [-1 -1],
  [-1 -1],
  [-1 -1],
  [-1 -1],
  [-1 -1],
  [-1 -1],
  [-1 -1],
  [-1 -1],
  [-1 -1],
  [-1 -1],
  [-1 -1],
  [-1 -1],
  [-1 -1],
  [-1 -1],
  [-1 -1],
  [-1 -1],
  [-1 -1],
  [-1 -1],
  [-1 -1],
  [-1 -1],
  [-1 -1],
  [-1 -1],
  [-1 -1],
  [-1 -1],
  [-1 -1],
  [-1 -1],
  [-1 -1],
  [-1 -1],
  [-1 -1],
  [-1 -1],
  [-1 -1],
  [-1 -1],
  [-1 -1],
  [-1 -1],
  [-1 -1],
  [-1 -1],
  [-1 -1],
  [-1 -1],
  [-1 -1],
  [-1 -1],
  [-1 -1],
  [-1 -1],
  [-1 -1],
  [-1 -1],
  [-1 -1],
  [-1 -1],
  [-1 -1],
  [-1 -1],
  [-1 -1],
  [-1 -1],
  [-1 -1],
  [-1 -1],
  [-1 -1],
  [-1 -1],
  [-1 -1],
  [-1 -1],
  [-1 -1],
  [-1 -1],
  [-1 -1],
  [-1 -1],
  [-1 -1],
  [-1 -1],
  [-1 -1],
  [-1 -1],
  [-1 -1],
  [-1 -1],
  [-1 -1],
  [-1 -1],
  [-1 -1],
  [-1 -1],
  [-1 -1],
  [-1 -1],
  [-1 -1],
  [-1 -1],
  [-1 -1],
  [-1 -1],
  [-1 -1],
  [-1 -1],
  [-1 -1],
  [-1 -1],
  [-1 -1],
  [-1 -1],
  [-1 -1],
  [-1 -1],
  [-1 -1],
  [-1 -1],
  [-1 -1],
  [-1 -1],
  [-1 -1],
  [-1 -1],
  [-1 -1],
  [-1 -1],
  [-1 -1],
  [-1 -1],
  [-1 -1],
  [-1 -1],
  [-1 -1],
  [-1 -1],
  [-1 -1],
  [-1 -1],
  [-1 -1],
  [-1 -1],
  [-1 -1],
  [-1 -1],
  [-1 -1],
  [-1 -1],
  [-1 -1],
  [-1 -1],
  [-1 -1],
  [-1 -1],
  [-1 -1],
  [-1 -1],
  [-1 -1],
  [-1 -1],
  [-1 -1],
  [-1 -1],
  [-1 -1],
  [-1 -1],
  [-1 -1],
  [-1 -1],
  [-1 -1],
  [-1 -1],
  [-1 -1],
  [-1 -1],
  [-1 -1],
  [-1 -1],
  [-1 -1],
  [-1 -1],
  [-1 -1],
  [-1 -1],
  [-1 -1],
  [-1 -1],
  [-1 -1],
  [-1 -1],
  [-1 -1],
  [-1 -1],
  [-1 -1],
  [-1 -1],
  [-1 -1],
  [-1 -1],
  [-1 -1],
  [-1 -1],
  [-1 -1],
  [-1 -1],
  [-1 -1],
  [-1 -1],
  [-1 -1],
  [-1 -1],
  [-1 -1],
  [-1 -1],
  [-1 -1],
  [-1 -1],
  [-1 -1],
  [-1 -1],
  [-1 -1],
  [-1 -1],
  [-1 -1],
  [-1 -1],
  [-1 -1],
  [-1 -1],
  [-1 -1],
  [-1 -1],
  [-1 -1],
  [-1 -1],
  [-1 -1],
  [-1 -1],
  [-1 -1],
  [-1 -1],
  [-1 -1],
  [-1 -1],
  [-1 -1],
  [-1 -1],
  [-1 -1],
  [-1 -1],
  [-1 -1],
  [-1 -1],
  [-1 -1],
  [-1 -1],
  [-1 -1],
  [-1 -1],
  [-1 -1],
  [-1 -1],
  [-1 -1],
  [-1 -1],
  [-1 -1],
  [-1 -1],
  [-1 -1],
  [-1 -1],
  [-1 -1],
  [-1 -1],
  [-1 -1],
  [-1 -1],
  [-1 -1],
  [-1 -1],
  [-1 -1],
  [-1 -1],
  [-1 -1],
  [-1 -1],
  [-1 -1],
  [-1 -1],
  [-1 -1],
  [-1 -1],
  [-1 -1],
  [-1 -1],
  [-1 -1],
  [-1 -1],
  [-1 -1],
  [-1 -1],
  [-1 -1],
  [-1 -1],
  [-1 -1],
  [-1 -1],
  [-1 -1],
  [-1 -1],
  [-1 -1],
  [-1 -1],
  [-1 -1],
  [-1 -1],
  [-1 -1],
  [-1 -1],
  [-1 -1],
  [-1 -1],
  [-1 -1],
  [-1 -1],
  [-1 -1],
  [-1 -1],
  [-1 -1],
  [-1 -1],
  [-1 -1],
  [-1 -1],
  [-1 -1],
  [-1 -1],
  [-1 -1],
  [-1 -1],
  [-1 -1],
  [-1 -1],
  [-1 -1],
  [-1 -1],
  [-1 -1],
  [-1 -1],
  [-1 -1],
  [-1 -1],
  [-1 -1],
  [-1 -1],
  [-1 -1],
  [-1 -1],
  [-1 -1],
  [-1 -1],
  [-1 -1],
  [-1 -1],
  [-1 -1],
  [-1 -1],
  [-1 -1],
  [-1 -1],
  [-1 -1],
  [-1 -1],
  [-1 -1],
  [-1 -1],
  [-1 -1],
  [-1 -1],
  [-1 -1],
  [-1 -1],
  [-1 -1],
  [-1 -1],
  [-1 -1],
  [-1 -1],
  [-1 -1],
  [-1 -1],
  [-1 -1],
  [-1 -1],
  [-1 -1],
  [-1 -1],
  [-1 -1],
  [-1 -1],
  [-1 -1],
  [-1 -1],
  [-1 -1],
  [-1 -1],
  [-1 -1],
  [-1 -1],
  [-1 -1],
  [-1 -1],
  [-1 -1],
  [-1 -1],
  [-1 -1],
  [-1 -1],
  [-1 -1],
  [-1 -1],
  [-1 -1],
  [-1 -1],
  [-1 -1],
  [-1 -1],
  [-1 -1],
  [-1 -1],
  [-1 -1],
  [-1 -1],
  [-1 -1],
  [-1 -1],
  [-1 -1],
  [-1 -1],
  [-1 -1],
  [-1 -1],
  [-1 -1],
  [-1 -1],
  [-1 -1],
  [-1 -1],
  [-1 -1],
  [-1 -1],
  [-1 -1],
  [-1 -1],
  [-1 -1],
  [-1 -1],
  [-1 -1],
  [-1 -1],
  [-1 -1],
  [-1 -1],
  [-1 -1],
  [-1 -1],
  [-1 -1],
  [-1 -1],
  [-1 -1],
  [-1 -1],
  [-1 -1],
  [-1 -1],
  [-1 -1],
  [-1 -1],
  [-1 -1],
  [-1 -1],
  [-1 -1],
  [-1 -1],
  [-1 -1],
  [-1 -1],
  [-1 -1],
  [-1 -1],
  [-1 -1],
  [-1 -1],
  [-1 -1],
  [-1 -1],
  [-1 -1],
  [-1 -1],
  [-1 -1],
  [-1 -1],
  [-1 -1],
  [-1 -1],
  [-1 -1],
  [-1 -1],
  [-1 -1],
  [-1 -1],
  [-1 -1],
  [-1 -1],
  [-1 -1],
  [-1 -1],
  [-1 -1],
  [-1 -1],
  [-1 -1],
  [-1 -1],
  [-1 -1],
  [-1 -1],
  [-1 -1],
  [-1 -1],
  [-1 -1],
  [-1 -1],
  [-1 -1],
  [-1 -1],
  [-1 -1],
  [-1 -1],
  [-1 -1],
  [-1 -1],
  [-1 -1],
  [-1 -1],
  [-1 -1],
  [-1 -1],
  [-1 -1],
  [-1 -1],
  [-1 -1],
  [-1 -1],
  [-1 -1],
  [-1 -1],
  [-1 -1],
  [-1 -1],
  [-1 -1],
  [-1 -1],
  [-1 -1],
  [-1 -1],
  [-1 -1],
  [-1 -1],
  [-1 -1],
  [-1 -1],
  [-1 -1],
  [-1 -1],
  [-1 -1],
  [-1 -1],
  [-1 -1],
  [-1 -1],
  [-1 -1],
  [-1 -1],
  [-1 -1],
  [-1 -1],
  [-1 -1],
  [-1 -1],
  [-1 -1],
  [-1 -1],
  [-1 -1],
  [-1 -1],
  [-1 -1],
  [-1 -1],
  [-1 -1],
  [-1 -1],
  [-1 -1],
  [-1 -1],
  [-1 -1],
  [-1 -1],
  [-1 -1],
  [-1 -1],
  [-1 -1],
  [-1 -1],
  [-1 -1],
  [-1 -1],
  [-1 -1],
  [-1 -1],
  [-1 -1],
  [-1 -1],
  [-1 -1],
  [-1 -1],
  [-1 -1],
  [-1 -1],
  [-1 -1],
  [-1 -1],
  [-1 -1],
  [-1 -1],
  [-1 -1],
  [-1 -1],
  [-1 -1],
  [-1 -1],
  [-1 -1],
  [-1 -1],
  [-1 -1],
  [-1 -1],
  [-1 -1],
  [-1 -1],
  [-1 -1],
  [-1 -1],
  [-1 -1],
  [-1 -1],
  [-1 -1],
  [-1 -1],
  [-1 -1],
  [-1 -1],
  [-1 -1],
  [-1 -1],
  [-1 -1],
  [-1 -1],
  [-1 -1],
  [-1 -1],
  [-1 -1],
  [-1 -1],
  [-1 -1],
  [-1 -1],
  [-1 -1],
  [-1 -1],
  [-1 -1],
  [-1 -1],
  [-1 -1],
  [-1 -1],
  [-1 -1],
  [-1 -1],
  [-1 -1],
  [-1 -1],
  [-1 -1],
  [-1 -1],
  [-1 -1],
  [-1 -1],
  [-1 -1],
  [-1 -1],
  [-1 -1],
  [-1 -1],
  [-1 -1],
  [-1 -1],
  [-1 -1],
  [-1 -1],
  [-1 -1],
  [-1 -1],
  [-1 -1],
  [-1 -1],
  [-1 -1],
  [-1 -1],
  [-1 -1],
  [-1 -1],
  [-1 -1],
  [-1 -1],
  [-1 -1],
  [-1 -1],
  [-1 -1],
  [-1 -1],
  [-1 -1],
  [-1 -1],
  [-1 -1],
  [-1 -1],
  [-1 -1],
  [-1 -1],
  [-1 -1],
  [-1 -1],
  [-1 -1],
  [-1 -1],
  [-1 -1],
  [-1 -1],
  [-1 -1],
  [-1 -1],
  [-1 -1],
  [-1 -1],
  [-1 -1],
  [-1 -1],
  [-1 -1],
  [-1 -1],
  [-1 -1],
  [-1 -1],
  [-1 -1],
  [-1 -1],
  [-1 -1],
  [-1 -1],
  [-1 -1],
  [-1 -1],
  [-1 -1],
  [-1 -1],
  [-1 -1],
  [-1 -1],
